1418217496.245 0000  -325.70  -247.70   -55.82 0.6803565366532 0.0060398365209 -0.7328564002641 0.2997389761214 -0.9148023631158 0.2707271368583 -0.6687836191377 -0.4038566042701 -0.6242021419063;
1418217496.463 0000  -330.79  -257.90   -49.66 0.6874816314649 -0.0769238997966 -0.7221161402700 0.1497466606855 -0.9579872676699 0.2446146614491 -0.7105947818637 -0.2763025671658 -0.6470795525789;
1418217496.963 0000  -346.90  -259.66   -40.51 0.6447916137553 -0.1538538517353 -0.7487140756905 0.0894362319517 -0.9576181310995 0.2738040821531 -0.7591079865508 -0.2435087417232 -0.6037040313425;
1418217497.179 0000  -346.49  -262.11   -24.78 0.6713086871228 -0.1253912968193 -0.7304941267905 0.1157540709459 -0.9557545536549 0.2704334081200 -0.7320830838456 -0.2661019651373 -0.6270917815577;
1418217497.394 0000  -325.05  -258.69   -14.50 0.7004081109688 -0.0877936550139 -0.7083224916861 0.0619497993735 -0.9811831330995 0.1828712161018 -0.7110490140958 -0.1719649192722 -0.6817898254543;
1418217497.613 0000  -317.82  -269.22    -6.93 0.7925776002363 -0.0383364229881 -0.6085647593118 0.0917572433292 -0.9791593149402 0.1811840066408 -0.6028277995418 -0.1994426098863 -0.7725420955918;
1418217497.828 0000  -316.46  -283.17    -2.53 0.8169259586795 -0.0321464698555 -0.5758459711689 0.1102179447475 -0.9713421261307 0.2105860362406 -0.5661130476250 -0.2355017589738 -0.7899714797567;
1418217498.045 0000  -301.51  -285.99   -13.80 0.8041821712947 -0.0563528684689 -0.5917054922738 0.0491594295332 -0.9857789803496 0.1606958381193 -0.5923465082700 -0.1583166324686 -0.7899756059678;
1418217498.264 0000  -289.65  -299.27   -17.33 0.8056678609174 -0.1462402176922 -0.5740323132143 -0.0730369144828 -0.9861771084850 0.1487290147317 -0.5878476903141 -0.0779006381846 -0.8052121357523;
1418217498.478 0000  -291.32  -301.84   -19.17 0.8130191017414 -0.1337489898166 -0.5666666991509 -0.0446009500452 -0.9847046202079 0.1684267383650 -0.5805262228863 -0.1116602823937 -0.8065489978155;
1418217498.695 0000  -297.09  -304.24   -20.18 0.8060793086530 -0.1809753676846 -0.5634572427904 -0.1135503999292 -0.9817017990428 0.1528655763473 -0.5808118928168 -0.0592409828371 -0.8118793328538;
1418217498.913 0000  -303.67  -300.20   -20.29 0.7738926109784 -0.1357138369485 -0.6186048667233 -0.0628604995714 -0.9884070046424 0.1382032950676 -0.6301894828277 -0.0680686979061 -0.7734519171214;
1418217499.128 0000  -310.14  -297.77   -25.08 0.7418635736651 -0.0851870427998 -0.6651177383049 0.0256865364725 -0.9875592532471 0.1551351770880 -0.6700586839321 -0.1321737079191 -0.7304460767381;
1418217499.344 0000  -314.69  -289.04   -17.74 0.7450896485684 -0.0005818681160 -0.6669640747640 0.1301610976272 -0.9806452814988 0.1462631892808 -0.6541402787329 -0.1957919643489 -0.7305929115695;
1418217499.563 0000  -320.18  -284.97   -22.62 0.7122797794989 0.0279655695174 -0.7013383225225 0.1722319092788 -0.9756206775923 0.1360164066594 -0.6804363931649 -0.2176745744820 -0.6997314445420;
1418217499.778 0000  -322.58  -269.80   -19.30 0.7116384301209 0.0587756455897 -0.7000829724116 0.2138587313268 -0.9673264189015 0.1361765116693 -0.6692048922493 -0.2466272952871 -0.7009563391603;
1418217499.995 0000  -313.07  -253.65   -25.59 0.6536630230019 -0.0008485646190 -0.7567852616814 0.2028148487744 -0.9632232538222 0.1762586179818 -0.7291027290284 -0.2687010294627 -0.6294513224142;
1418217500.213 0000  -293.64  -255.07   -11.61 0.6914281662974 -0.0947981152316 -0.7161985815395 0.0783897428712 -0.9756557556763 0.2048191754410 -0.7181797400813 -0.1977603695493 -0.6671646702071;
1418217500.428 0000  -260.60  -240.11   -17.34 0.7671170858066 -0.1726215305098 -0.6178455987284 0.0433522120694 -0.9469643051844 0.3184009899721 -0.6400405943159 -0.2710358129676 -0.7189489729576;
1418217500.645 0000  -220.81  -236.46   -23.44 0.8161836057835 -0.0304374286289 -0.5769903678474 0.1866311724819 -0.9311945646053 0.3131221619553 -0.5468209278258 -0.3632495640575 -0.7543451644332;
1418217500.863 0000  -194.49  -249.28     6.82 0.9282296298040 0.1101772870920 -0.3553177729342 0.2441030516458 -0.9011434014566 0.3582656419312 -0.2807195300137 -0.4192869368586 -0.8633626179356;
1418217501.077 0000  -190.93  -251.60    17.82 0.9267207421525 0.1104058675385 -0.3591646008134 0.2220410371102 -0.9320222844567 0.2864127076707 -0.3031277682816 -0.3451738774723 -0.8882390164856;
1418217501.294 0000  -183.17  -260.26    35.19 0.9358313955125 0.1271075940897 -0.3287297654576 0.2163773988168 -0.9434425010979 0.2511912984231 -0.2782093105098 -0.3062023949073 -0.9104063229672;
1418217501.513 0000  -168.06  -252.25    32.51 0.9592108816200 0.1705738009830 -0.2254308386181 0.2263442703290 -0.9411626851270 0.2509602984810 -0.1693598413765 -0.2917488278343 -0.9413818914693;
1418217501.728 0000  -164.57  -256.84    33.41 0.9426688437098 0.2471503172319 -0.2242591621116 0.3041794412169 -0.9127504291172 0.2726930906484 -0.1372964625901 -0.3252743070681 -0.9355994370037;
1418217501.944 0000  -166.10  -261.80    40.69 0.9629595317421 0.2152387761478 -0.1624229339395 0.2533229760744 -0.9285239315072 0.2714236143213 -0.0923926946243 -0.3025154175589 -0.9486558976358;
1418217502.162 0000  -179.79  -255.91    34.52 0.9585465078871 0.2269323339215 -0.1723087578691 0.2698035650645 -0.9173256953319 0.2927791060892 -0.0916222052557 -0.3271319068890 -0.9405264945759;
1418217502.377 0000  -190.92  -254.70    22.00 0.9519244476120 0.2227046155798 -0.2103390126392 0.2801794683237 -0.9105767286207 0.3038905836388 -0.1238519744227 -0.3482135486938 -0.9291975101870;
1418217502.594 0000  -182.55  -257.17    20.70 0.9641024903906 0.1876079680260 -0.1879085904259 0.2359743757458 -0.9298290691641 0.2823720880840 -0.1217476160509 -0.3165772456616 -0.9407211943585;
1418217502.813 0000  -177.44  -263.18    18.53 0.9692714082446 0.1473860152143 -0.1969525315367 0.1934598549302 -0.9512407017740 0.2402382397101 -0.1519415074622 -0.2709584650972 -0.9505236917101;
1418217503.028 0000  -180.43  -266.52    24.89 0.9692768069640 0.1594145572411 -0.1873218364777 0.2019666890255 -0.9504914895903 0.2361681281218 -0.1403991738074 -0.2667450602282 -0.9534857863849;
1418217503.244 0000  -177.71  -262.49    25.27 0.9686296603772 0.1381823880751 -0.2065483204080 0.1897542896442 -0.9479554500192 0.2556829566877 -0.1604677244779 -0.2868555253168 -0.9444384664954;
1418217503.463 0000  -172.33  -262.11    29.12 0.9685180130423 0.1695584643004 -0.1822711869623 0.2135829161928 -0.9421039139201 0.2585005866281 -0.1278874361426 -0.2892924861807 -0.9486594020597;
1418217503.678 0000  -165.61  -260.60    39.71 0.9719058859640 0.2135886258872 -0.0988880565089 0.2331009228944 -0.9316591992424 0.2787025227957 -0.0326022786665 -0.2939235195737 -0.9552727652703;
1418217503.894 0000  -163.31  -262.97    46.39 0.9736818252975 0.2252241076431 -0.0348970546278 0.2245430056788 -0.9217504607496 0.3161590212355 0.0390402572491 -0.3156741824163 -0.9480641691730;
1418217504.112 0000  -162.76  -265.85    51.62 0.9762281812696 0.2167096626615 0.0039319466082 0.2038001637192 -0.9239471162106 0.3237085413056 0.0737836795167 -0.3152120691778 -0.9461486775775;
1418217504.327 0000  -163.53  -269.76    48.96 0.9824281179368 0.1821127568636 0.0408648611245 0.1590188366686 -0.9313494745331 0.3275685666720 0.0977138816737 -0.3153142877742 -0.9439432701459;
1418217504.544 0000  -159.61  -269.66    54.26 0.9785955458620 0.1894581247585 0.0803515810804 0.1503403685217 -0.9247839696980 0.3495316623461 0.1405294674148 -0.3299700415987 -0.9334726779266;
1418217504.763 0000  -160.70  -269.35    56.11 0.9778899879732 0.1901860396250 0.0869508007648 0.1472168180632 -0.9213913477414 0.3596737310212 0.1485206379639 -0.3389207202859 -0.9290179575550;
1418217504.978 0000  -159.87  -271.60    55.01 0.9832284702124 0.1629720166732 0.0818651155580 0.1248597422809 -0.9286978075450 0.3491853762954 0.1329353983008 -0.3331073461251 -0.9334707686029;
1418217505.195 0000  -156.97  -268.14    48.03 0.9857005965789 0.1470226653019 0.0823326775441 0.0995986191703 -0.9024541169723 0.4191141632290 0.1359207451547 -0.4049208597335 -0.9041928159354;
1418217505.414 0000  -156.07  -270.42    37.70 0.9969787380008 -0.0103259447137 0.0769855235753 -0.0381824221735 -0.9282610421139 0.3699642419621 0.0676424320331 -0.3717859768191 -0.9258507918824;
1418217505.629 0000  -155.31  -270.70    38.97 0.9844052658139 -0.1715426117564 0.0389795457865 -0.1742520221971 -0.9204571389096 0.3498498080472 -0.0241351486043 -0.3511862579632 -0.9359945014901;
1418217505.845 0000  -136.77  -270.90    34.66 0.8971232024683 -0.4284889294460 0.1075509039263 -0.4238172759969 -0.7660369787576 0.4832869372769 -0.1246951328627 -0.4791498560140 -0.8688305584647;
1418217506.064 0000  -142.31  -278.18    39.05 0.5731636204997 -0.7832090859897 0.2409709355065 -0.7473405788168 -0.3790044531270 0.5457450721387 -0.3361034415020 -0.4928885798363 -0.8025554961979;
1418217506.278 0000  -145.72  -280.11    49.04 0.6496106032556 -0.7121459633065 0.2661845057175 -0.7118781608682 -0.4468512466245 0.5418057285311 -0.2668998842578 -0.5414536825402 -0.7972404665136;
1418217506.495 0000  -139.94  -273.28    58.36 0.8964908813987 -0.3813855966297 0.2254975083062 -0.4425521372630 -0.7463922072305 0.4970375023975 -0.0212533614496 -0.5453839928609 -0.8379168186390;
1418217506.713 0000  -133.76  -263.37    68.39 0.9670589472632 0.0368372010910 0.2518730099354 -0.0948571051937 -0.8660566852565 0.4908644899734 0.2362183780158 -0.4985868415215 -0.8340335960555;
1418217506.928 0000  -139.10  -267.29    72.18 0.9322899991216 0.1220773156113 0.3404885997373 -0.0716774616419 -0.8603077598858 0.5047107089936 0.3545387130208 -0.4949421049915 -0.7933061286011;
1418217507.145 0000  -141.71  -267.91    75.47 0.9154968007058 0.1870955792360 0.3561753109464 -0.0281819822511 -0.8532953272647 0.5206657856482 0.4013369952718 -0.4867055872893 -0.7759164178747;
1418217507.363 0000  -148.01  -268.39    72.04 0.9075816509132 0.1950384478920 0.3718273131032 -0.0220799965503 -0.8621701452403 0.5061374461633 0.4192946704622 -0.4675710047685 -0.7781833555286;
1418217507.579 0000  -150.82  -267.99    73.13 0.9062906320385 0.1903525845599 0.3773634638259 -0.0221500788937 -0.8702224569876 0.4921607962440 0.4220742402520 -0.4543993495878 -0.7844581357917;
1418217507.794 0000  -149.97  -267.64    74.91 0.8978319763946 0.1922052189911 0.3961753348658 -0.0260065732892 -0.8749906761166 0.4834407666456 0.4395695625373 -0.4443517418686 -0.7805960089503;
1418217508.013 0000  -150.08  -264.08    76.65 0.8896938640906 0.2266675509672 0.3963163503290 0.0050713503318 -0.8729062115330 0.4878616886710 0.4565294181161 -0.4320376918807 -0.7777688108873;
1418217508.228 0000  -149.67  -259.58    79.88 0.8695732101088 0.2682970230019 0.4145589701229 0.0258142560349 -0.8630719039060 0.5044209679161 0.4931288436569 -0.4279294289207 -0.7574300940795;
1418217508.445 0000  -152.20  -253.30    82.53 0.8670440417278 0.2945176901912 0.4018631108583 0.0398189097148 -0.8449608843483 0.5333437525184 0.4966377796075 -0.4464307718848 -0.7443456735824;
1418217508.663 0000  -155.41  -248.19    84.40 0.8666574888322 0.3115810124943 0.3896435161837 0.0485514763034 -0.8299655523015 0.5556977021201 0.4965355487775 -0.4626818071265 -0.7344235795196;
1418217508.878 0000  -156.65  -246.04    84.74 0.8702305073131 0.3201704353391 0.3744192255700 0.0572212035318 -0.8205653780008 0.5686811006995 0.4893103289406 -0.4734589240485 -0.7324015628266;
1418217509.095 0000  -158.67  -243.33    84.93 0.8786057732081 0.3283950542505 0.3467110953360 0.0670330054030 -0.8036453978024 0.5913211063184 0.4728197029228 -0.4962970511042 -0.7281007935673;
1418217509.312 0000  -162.27  -239.61    85.65 0.8824827485758 0.3456341996995 0.3190003110722 0.0777368038566 -0.7760799202108 0.6258250129003 0.4638762634499 -0.5274817128998 -0.7117456390903;
1418217509.528 0000  -163.62  -238.33    84.99 0.8909726971508 0.3428819902406 0.2976568388271 0.0834227041903 -0.7680058607048 0.6349863387103 0.4463275762906 -0.5409241524389 -0.7128763959838;
1418217509.744 0000  -160.95  -244.50    81.69 0.8921229866792 0.3121485602151 0.3266188191060 0.0742045011377 -0.8143586203527 0.5755985836224 0.4456571200480 -0.4892681410156 -0.7496708728087;
1418217509.963 0000  -157.84  -250.15    79.84 0.8843971164531 0.2862513552646 0.3686487515491 0.0685045553863 -0.8609026766049 0.5041365958804 0.4616804807449 -0.4206028328765 -0.7809893665572;
1418217510.178 0000  -156.70  -253.01    78.53 0.8826110069371 0.2737738012150 0.3821592811928 0.0706711532246 -0.8809574141494 0.4678884723490 0.4647616577725 -0.3859558785968 -0.7968906206256;
1418217510.395 0000  -155.81  -256.77    76.24 0.8797787099052 0.2598716427123 0.3980655108291 0.0803823511614 -0.9066207587255 0.4142191177019 0.4685382580104 -0.3324237193131 -0.8185147351262;
1418217510.613 0000  -154.34  -263.38    72.60 0.8853435699435 0.2266630574391 0.4059441113651 0.0863432640713 -0.9380828472145 0.3354778867696 0.4568496513178 -0.2619626503039 -0.8500964450794;
1418217510.828 0000  -153.83  -267.45    70.46 0.8882972692645 0.2027637220880 0.4120859551383 0.0860235868261 -0.9548417592279 0.2843890949810 0.4511406697769 -0.2171729445386 -0.8656257899541;
1418217511.044 0000  -153.46  -271.30    68.42 0.8960488340031 0.1790184568185 0.4062620819126 0.0863717808420 -0.9679058773489 0.2360045085748 0.4354726197545 -0.1763819852246 -0.8827530757423;
1418217511.262 0000  -153.54  -276.69    65.71 0.9036746461116 0.1480053694491 0.4018289991892 0.0859272655262 -0.9819591399908 0.1684421337662 0.4195099987060 -0.1176888185120 -0.9000892750072;
1418217511.477 0000  -154.03  -279.12    64.19 0.9112671468283 0.1264639023692 0.3919171704696 0.0814311285530 -0.9882247536933 0.1295407560980 0.4036844787875 -0.0861319777167 -0.9108348500144;
1418217511.694 0000  -155.11  -276.72    64.74 0.9119048366107 0.1394352512305 0.3859888336212 0.0816406047167 -0.9833500703935 0.1623497789300 0.4021994289248 -0.1165351868382 -0.9081052635026;
1418217511.912 0000  -156.17  -276.02    64.02 0.9174867820441 0.1330460483006 0.3748556439565 0.0669505966837 -0.9806101299436 0.1841776062820 0.3920913444315 -0.1438837102791 -0.9086043448818;
1418217512.128 0000  -157.29  -281.69    61.63 0.9192477709289 0.1006075249561 0.3806069646819 0.0433214629176 -0.9867737490125 0.1562076154047 0.3912886230046 -0.1271050517563 -0.9114480343526;
1418217512.344 0000  -159.59  -287.81    60.02 0.9201426911862 0.0767556676607 0.3839869728761 0.0263427710190 -0.9905130488639 0.1348701540201 0.3906961559468 -0.1139845055800 -0.9134352994143;
1418217512.563 0000  -162.14  -289.64    58.01 0.9285633680047 0.0649237084943 0.3654517528692 0.0231302075976 -0.9927914062808 0.1176019434853 0.3704525139560 -0.1007478818159 -0.9233714307977;
1418217512.778 0000  -164.50  -291.48    55.34 0.9424788162851 0.0540131703581 0.3298730942070 0.0194722613655 -0.9940541523373 0.1071315698485 0.3336982347738 -0.0945458600297 -0.9379267393886;
1418217512.994 0000  -168.42  -293.71    53.55 0.9557613049089 0.0454364103146 0.2906129051789 0.0178393045059 -0.9951326458484 0.0969163370210 0.2936019197034 -0.0874445526294 -0.9519198301128;
1418217513.212 0000  -172.72  -293.56    51.82 0.9648525133000 0.0436339501898 0.2591441798874 0.0199396915242 -0.9954319813237 0.0933679777003 0.2620344181221 -0.0849190729387 -0.9613150965062;
1418217513.427 0000  -175.57  -295.80    50.86 0.9726883104292 0.0268623048391 0.2305555623556 0.0066283881343 -0.9960903556255 0.0880912475821 0.2320205060444 -0.0841571150204 -0.9690634988309;
1418217513.644 0000  -179.03  -296.85    49.23 0.9800527577831 0.0115292912141 0.1984027908217 -0.0021670505859 -0.9976365392461 0.0686777944673 0.1987256799045 -0.0677378107502 -0.9777114569960;
1418217513.862 0000  -183.26  -296.97    47.65 0.9889166554643 0.0055954406881 0.1483662346652 -0.0033249712310 -0.9982043516329 0.0598081678997 0.1484344741343 -0.0596386068307 -0.9871223042074;
1418217514.077 0000  -186.25  -297.72    46.40 0.9935063405818 0.0002004049381 0.1137765839777 -0.0053516237549 -0.9988093260891 0.0484901045638 0.1136508308239 -0.0487841158092 -0.9923223260099;
1418217514.294 0000  -188.43  -298.61    45.92 0.9944926827389 0.0011353722748 0.1047998802889 -0.0030952883546 -0.9991869604943 0.0401974771374 0.1047603129471 -0.0403004827268 -0.9936806065951;
1418217514.512 0000  -187.97  -300.13    47.12 0.9907778279392 0.0056167369256 0.1353800130388 0.0025142714237 -0.9997305333023 0.0230768113543 0.1354731490122 -0.0225236109312 -0.9905249683109;
1418217514.728 0000  -188.78  -304.85    46.87 0.9906877510807 -0.0172295497425 0.1350589592522 -0.0118278253525 -0.9991015567677 -0.0406962137269 0.1356387938830 0.0387197866723 -0.9900014624807;
1418217514.944 0000  -188.57  -301.03    45.48 0.9931453730681 -0.0039503147355 0.1168189323993 -0.0005337357640 -0.9995715859873 -0.0292636226907 0.1168844860517 0.0290006810324 -0.9927220040979;
1418217515.162 0000  -185.89  -296.02    46.28 0.9913807250811 0.0171951000000 0.1298791225476 0.0178653298124 -0.9998324129960 -0.0039969880325 0.1297886278856 0.0062828702539 -0.9915217786882;
1418217515.377 0000  -184.37  -292.09    47.87 0.9867209450255 0.0418630203060 0.1569371344804 0.0378124604134 -0.9988723771761 0.0287087434782 0.1579620032968 -0.0223933393103 -0.9871912397651;
1418217515.594 0000  -182.64  -289.36    49.44 0.9815125648777 0.0605411760457 0.1815705124470 0.0512746228684 -0.9971519849709 0.0553067077161 0.1844017300271 -0.0449742689956 -0.9818214283113;
1418217515.812 0000  -178.89  -286.28    52.21 0.9715720657630 0.0795718201934 0.2229709542968 0.0567180822441 -0.9926294322823 0.1070974757566 0.2298494728632 -0.0914064308350 -0.9689241891018;
1418217516.027 0000  -178.85  -281.98    53.21 0.9685561228309 0.0955124972185 0.2297311467823 0.0607241278121 -0.9862022196813 0.1540057213127 0.2412708379152 -0.1352129608088 -0.9609921113105;
1418217516.244 0000  -180.24  -276.38    53.81 0.9710567030741 0.1144451170442 0.2096454020472 0.0684044796959 -0.9742194237283 0.2149821890019 0.2288442845525 -0.1944192110242 -0.9538508603615;
1418217516.462 0000  -182.16  -267.54    56.68 0.9700189804974 0.1619420024119 0.1812124866825 0.0919480798465 -0.9347632456758 0.3431664685633 0.2249638372881 -0.3162158477820 -0.9216283467451;
1418217516.678 0000  -184.52  -264.68    57.04 0.9722452091950 0.1584217235539 0.1721679723512 0.0891573225962 -0.9312179037630 0.3533895690858 0.2163104829285 -0.3282312800716 -0.9194966023634;
1418217516.893 0000  -184.71  -263.42    57.63 0.9735740514370 0.1563827158311 0.1664271989722 0.0852466011264 -0.9249382832899 0.3704351348093 0.2118645401308 -0.3464586819435 -0.9138270067913;
1418217517.112 0000  -185.49  -259.53    59.47 0.9720685320253 0.1711381392841 0.1606066820792 0.0906804326201 -0.9050408171409 0.4155456394294 0.2164713103068 -0.3893749562971 -0.8952805790492;
1418217517.327 0000  -185.85  -262.55    57.36 0.9754474610857 0.1519586743291 0.1594076910239 0.0814993516134 -0.9215008417607 0.3797289221548 0.2045974250767 -0.3574139895561 -0.9112601899137;
1418217517.544 0000  -189.14  -259.17    58.01 0.9781930243624 0.1654668208601 0.1255354064922 0.1001141330595 -0.9051993486264 0.4130269962220 0.1819768321806 -0.3914522581884 -0.9020252558042;
1418217517.762 0000  -194.23  -258.68    58.12 0.9816590751879 0.1608369036459 0.1023569759562 0.1032938136959 -0.8999778877826 0.4235211795821 0.1602368501733 -0.4051805670661 -0.9000849181708;
1418217517.977 0000  -197.91  -261.26    56.85 0.9921741047296 0.0971303051687 0.0784617723595 0.0567752567058 -0.9106147936499 0.4093375963822 0.1112075363001 -0.4016794759554 -0.9090030156530;
1418217518.194 0000  -198.00  -266.94    53.51 0.9980096628450 -0.0143770917328 0.0614004242761 -0.0346681030551 -0.9384149086081 0.3437667551299 0.0526767073623 -0.3452111796209 -0.9370455730466;
1418217518.412 0000  -192.89  -264.84    54.29 0.9967094338049 0.0242544789477 0.0773435505736 -0.0027926735935 -0.9433404990410 0.3318145624339 0.0810092929148 -0.3309386999430 -0.9401686398415;
1418217518.626 0000  -185.59  -265.64    53.39 0.9921911428426 0.0564881666046 0.1112017225513 0.0199740539018 -0.9520184209982 0.3053882172758 0.1231169088121 -0.3007823351093 -0.9457125428219;
1418217518.843 0000  -181.41  -266.93    53.10 0.9896210787830 0.0647536104839 0.1282851914976 0.0249552618446 -0.9565968559951 0.2903440889818 0.1415180389016 -0.2841292400118 -0.9482843558953;
1418217519.062 0000  -181.81  -266.79    53.34 0.9898254275825 0.0615699528345 0.1282761233397 0.0211620712905 -0.9552056693601 0.2951851892642 0.1407046184381 -0.2894672177125 -0.9467898078349;
1418217519.277 0000  -181.54  -267.80    53.20 0.9900205117042 0.0562544001295 0.1292084705855 0.0162776629653 -0.9563822520318 0.2916642345007 0.1399800846312 -0.2866503627498 -0.9477537367070;
1418217519.493 0000  -180.98  -268.29    52.89 0.9900163943999 0.0625518937490 0.1263123090115 0.0232772059961 -0.9563866020652 0.2911749286445 0.1390169432135 -0.2853277553596 -0.9482944487452;
1418217519.712 0000  -180.67  -266.28    53.86 0.9894064140787 0.0714686820380 0.1263612886438 0.0304751496361 -0.9532803200159 0.3005459976858 0.1419373560224 -0.2935112586564 -0.9453596818181;
1418217519.927 0000  -181.70  -262.94    55.09 0.9889596362646 0.0849694846910 0.1214043842321 0.0399091634666 -0.9417266109190 0.3340033666872 0.1427098332661 -0.3254707006143 -0.9347206676493;
1418217520.144 0000  -182.92  -259.40    56.50 0.9891057157670 0.0989742480393 0.1089677991986 0.0513650662130 -0.9257576371865 0.3746123692082 0.1379547498642 -0.3649340973599 -0.9207559891600;
1418217520.361 0000  -183.37  -255.61    58.67 0.9880980814551 0.1137786023488 0.1035210658384 0.0604936240787 -0.9061733950028 0.4185574030344 0.1414309120051 -0.4073134024761 -0.9022710730666;
1418217520.576 0000  -182.92  -253.96    59.61 0.9874229579406 0.1174119376741 0.1058788884690 0.0600658993181 -0.8980733588735 0.4357250621903 0.1462463328461 -0.4238852191021 -0.8938307060936;
1418217520.793 0000  -182.25  -257.10    58.33 0.9876103962071 0.1127715347154 0.1091250945547 0.0574181519798 -0.9068563925446 0.4175100467345 0.1460440383133 -0.4060715014120 -0.9020959342632;
1418217521.011 0000  -181.86  -260.04    56.47 0.9864554817851 0.1210378776778 0.1107041761789 0.0709829451919 -0.9234377786682 0.3771260935288 0.1478749605176 -0.3641599938154 -0.9195218838920;
1418217521.227 0000  -182.49  -265.85    53.35 0.9891539214062 0.1005026281326 0.1071155521166 0.0644365063796 -0.9522541132011 0.2984292890068 0.1319941529478 -0.2882903495262 -0.9484019284869;
1418217521.443 0000  -182.73  -271.19    51.45 0.9903234888682 0.0909868340405 0.1047892333549 0.0626522562179 -0.9668796738490 0.2474235055295 0.1238308612044 -0.2384640273269 -0.9632241823607;
1418217521.662 0000  -183.09  -275.26    50.32 0.9904295949014 0.0899286286670 0.1046998533402 0.0664751153883 -0.9756225351636 0.2091452316334 0.1209556802200 -0.2001836922103 -0.9722634482462;
1418217521.877 0000  -184.31  -278.58    48.83 0.9908633427268 0.0828882795255 0.1063925239741 0.0631668259820 -0.9821963062362 0.1769191004705 0.1191628639117 -0.1685821732367 -0.9784581047399;
1418217522.095 0000  -184.82  -280.58    48.56 0.9913553042790 0.0790794156519 0.1046953040876 0.0629695398526 -0.9868131447645 0.1491128913636 0.1151064625840 -0.1412312406665 -0.9832620398099;
1418217522.312 0000  -186.98  -285.56    48.14 0.9925401087517 0.0625236208103 0.1046657984250 0.0514161773168 -0.9930732612784 0.1056497725697 0.1105464121051 -0.0994801215051 -0.9888797683217;
1418217522.527 0000  -187.86  -288.62    47.82 0.9924564345533 0.0590473472131 0.1074413156135 0.0497943336384 -0.9949756241444 0.0868563854643 0.1120301292116 -0.0808512099199 -0.9904101837135;
1418217522.744 0000  -189.29  -291.30    47.61 0.9924910266830 0.0522456890485 0.1105981461397 0.0448437264623 -0.9966503865320 0.0683889407913 0.1138007124348 -0.0629157770469 -0.9915094567617;
1418217522.962 0000  -189.42  -289.69    47.49 0.9930299168986 0.0541088609237 0.1047082389973 0.0465580837370 -0.9962254451185 0.0732612266969 0.1082770935291 -0.0678755748995 -0.9918008758561;
1418217523.177 0000  -187.72  -290.25    47.43 0.9919786173818 0.0512352182079 0.1155568045269 0.0435555390652 -0.9967319096229 0.0680324581084 0.1186648122824 -0.0624536048177 -0.9909683191562;
1418217523.394 0000  -186.46  -287.85    47.52 0.9912068854573 0.0548613229837 0.1204123974620 0.0452975731403 -0.9957025432819 0.0807748424297 0.1243263451151 -0.0746101906070 -0.9894323015588;
1418217523.612 0000  -187.68  -292.26    47.14 0.9912461007650 0.0539649239861 0.1204946251803 0.0525074698216 -0.9985042300224 0.0152403490908 0.1211368372177 -0.0087800687153 -0.9925969862246;
1418217523.828 0000  -188.47  -292.46    46.67 0.9919781300636 0.0522677843551 0.1150976463450 0.0531391789652 -0.9985769151170 -0.0045135633795 0.1146979386670 0.0105935505888 -0.9933439281294;
1418217524.043 0000  -188.02  -293.57    46.01 0.9926964030284 0.0446565000833 0.1120698372216 0.0474858464524 -0.9986138515243 -0.0227039628808 0.1109006122673 0.0278598733685 -0.9934409301285;
1418217524.262 0000  -186.78  -292.05    45.91 0.9918842686620 0.0466713491034 0.1182682660465 0.0471394876820 -0.9988876400179 -0.0011624631601 0.1180824554363 0.0067281343919 -0.9929809997808;
1418217524.478 0000  -188.82  -287.64    47.66 0.9908164836020 0.0585910891303 0.1218596737940 0.0500647666895 -0.9961550908962 0.0718926562165 0.1256034034531 -0.0651315526918 -0.9899402334914;
1418217524.694 0000  -192.49  -287.13    48.23 0.9912972059777 0.0554218602195 0.1194079847860 0.0451773498411 -0.9951958891439 0.0868570624211 0.1236481155626 -0.0807066269950 -0.9890387170768;
1418217524.912 0000  -193.70  -287.43    48.75 0.9918569601595 0.0470496378639 0.1183473791853 0.0374446036999 -0.9959192880217 0.0821137832523 0.1217278613831 -0.0770136567313 -0.9895712326255;
1418217525.127 0000  -194.17  -287.21    48.43 0.9930323297610 0.0483874140448 0.1074497566844 0.0395474135091 -0.9957703006386 0.0829307569651 0.1110080813915 -0.0781035628389 -0.9907456986218;
1418217525.344 0000  -194.08  -287.77    46.76 0.9965973198566 0.0278669961202 0.0775706940914 0.0206343144055 -0.9954963403134 0.0925270851784 0.0797997940072 -0.0906116270124 -0.9926840010429;
1418217525.562 0000  -191.30  -286.46    46.69 0.9962497234469 0.0292868015441 0.0814172695885 0.0197611649958 -0.9931187175123 0.1154327045715 0.0842376690676 -0.1133908999082 -0.9899729889891;
1418217525.777 0000  -191.09  -285.80    47.03 0.9965218614981 0.0323862908703 0.0767809072620 0.0224407723433 -0.9916457769736 0.1270238747130 0.0802532945925 -0.1248590452236 -0.9889234689969;
1418217525.994 0000  -191.96  -285.49    46.94 0.9969555045277 0.0284017646109 0.0726158506042 0.0189882304276 -0.9916974388590 0.1271834771726 0.0756251882458 -0.1254174211482 -0.9892175197475;
1418217526.212 0000  -193.91  -284.84    46.32 0.9978392421610 0.0277478324886 0.0595558947180 0.0196990954567 -0.9910924712857 0.1317105121048 0.0626800801025 -0.1302527203282 -0.9894975676602;
1418217526.427 0000  -194.40  -284.41    46.82 0.9980141687554 0.0293322002383 0.0557435287064 0.0210959579039 -0.9895008221422 0.1429793115802 0.0593521652813 -0.1415194156609 -0.9881546313545;
1418217526.643 0000  -194.72  -284.16    46.52 0.9984218606256 0.0295212023487 0.0477732858070 0.0221785493530 -0.9888109270900 0.1475163123727 0.0515936059362 -0.1462239688948 -0.9879051830754;
1418217526.862 0000  -196.63  -283.75    45.93 0.9994927103920 0.0206574944174 0.0242402516005 0.0165121469290 -0.9869418557293 0.1602283446007 0.0272336350320 -0.1597468038305 -0.9867822899652;
1418217527.077 0000  -199.89  -284.16    44.08 0.9992372069988 0.0121075860312 -0.0371269512578 0.0179943946045 -0.9865310035634 0.1625816126472 -0.0346584176214 -0.1631256735424 -0.9859963532992;
1418217527.294 0000  -204.32  -284.60    41.15 0.9926117249460 0.0020546487334 -0.1213167009042 0.0207956838683 -0.9879425383112 0.1534179928417 -0.1195387093461 -0.1548073622723 -0.9806860749262;
1418217527.512 0000  -206.93  -286.27    39.46 0.9844575979207 0.0047503752983 -0.1755581722131 0.0278088968486 -0.9912390781650 0.1291191510766 -0.1734067563630 -0.1319944084164 -0.9759649445520;
1418217527.727 0000  -206.58  -287.21    39.16 0.9842716588086 -0.0051301236338 -0.1765870422701 0.0164996754448 -0.9925395266895 0.1208016914999 -0.1758893469668 -0.1218153101647 -0.9768438809928;
1418217527.944 0000  -205.36  -287.25    39.48 0.9848886081544 -0.0102958360947 -0.1728826922706 0.0105129037680 -0.9928364609000 0.1190178169935 -0.1728696282809 -0.1190367912313 -0.9777250809667;
1418217528.161 0000  -201.41  -288.72    40.48 0.9920113919826 -0.0164980328412 -0.1250648355418 -0.0028844645889 -0.9941183801892 0.1082604546174 -0.1261153362631 -0.1070348591923 -0.9862243461185;
1418217528.376 0000  -198.94  -288.39    40.96 0.9952955029752 -0.0178583843743 -0.0952257311076 -0.0068256194430 -0.9933479698035 0.1149487790559 -0.0966450861485 -0.1137580282650 -0.9887966617706;
1418217528.593 0000  -198.19  -286.60    41.87 0.9965879690789 -0.0070124795663 -0.0822389507327 0.0043592951415 -0.9905215599837 0.1372881486264 -0.0824221841081 -0.1371782210766 -0.9871113003249;
1418217528.812 0000  -194.53  -287.43    43.10 0.9993650665663 -0.0182471527671 -0.0306023715233 -0.0137582154732 -0.9899195789332 0.1409607702581 -0.0328660194417 -0.1404502355308 -0.9895420941554;
1418217529.027 0000  -193.20  -287.06    42.98 0.9995839970682 -0.0149786904001 -0.0246469397491 -0.0110544186236 -0.9882754675487 0.1522806621681 -0.0266389307968 -0.1519448553764 -0.9880299227709;
1418217529.243 0000  -193.14  -287.27    43.66 0.9997132447935 -0.0141000332159 -0.0193550315899 -0.0109215653915 -0.9877789697830 0.1554780571780 -0.0213107389345 -0.1552220857925 -0.9876497134553;
1418217529.462 0000  -191.70  -286.92    43.56 0.9998530937954 -0.0150792468318 -0.0081490577866 -0.0136057823687 -0.9873894325015 0.1577244155813 -0.0104246589373 -0.1575903705792 -0.9874495438182;
1418217529.677 0000  -190.33  -286.84    43.52 0.9998910444245 -0.0144964613053 -0.0027842214928 -0.0138690052130 -0.9871670592714 0.1590875475449 -0.0050546982205 -0.1590315996872 -0.9872605534138;
1418217529.894 0000  -190.68  -286.05    44.07 0.9999431064533 -0.0089764956063 -0.0057624979894 -0.0078145321419 -0.9841691915958 0.1770591296743 -0.0072606434874 -0.1770040249266 -0.9841833458334;
1418217530.111 0000  -193.41  -284.55    43.70 0.9996325778475 0.0012389871590 -0.0270771899726 0.0062581654402 -0.9825145285388 0.1860807259644 -0.0263731809100 -0.1861818093181 -0.9821612847225;
1418217530.326 0000  -192.66  -284.96    43.23 0.9996299781363 -0.0031682355964 -0.0270160895468 0.0017522288966 -0.9836307686672 0.1801872376866 -0.0271447325478 -0.1801679028419 -0.9832612523030;
1418217530.543 0000  -192.32  -287.40    42.60 0.9996297464409 -0.0044251390903 -0.0268474984779 -0.0000355708986 -0.9868986940264 0.1613411493194 -0.0272097182125 -0.1612804571950 -0.9865334486786;
1418217530.761 0000  -192.55  -286.34    42.58 0.9995009286501 -0.0005864815017 -0.0315840096727 0.0044975107773 -0.9870004043906 0.1606548291511 -0.0312676514046 -0.1607167003525 -0.9865051830596;
1418217530.976 0000  -192.48  -282.15    43.48 0.9993429003804 0.0158435072326 -0.0325998579437 0.0220297821184 -0.9797156838730 0.1991779793882 -0.0287829143625 -0.1997652673813 -0.9794209420821;
1418217531.193 0000  -193.00  -280.98    43.59 0.9992606366007 0.0150490541908 -0.0353794588459 0.0220843785288 -0.9779259797086 0.2077812754700 -0.0314715802791 -0.2084089829611 -0.9775352860413;
1418217531.412 0000  -192.54  -282.50    43.61 0.9993439199761 0.0044463569103 -0.0359438383742 0.0114004826112 -0.9806049010684 0.1956631211980 -0.0343767160019 -0.1959445276371 -0.9800122363960;
1418217531.626 0000  -192.53  -284.87    42.83 0.9993420987446 -0.0106318957947 -0.0346746660926 -0.0043306447347 -0.9842076423101 0.1769648618642 -0.0360085433335 -0.1766982727993 -0.9836061738301;
1418217531.843 0000  -192.90  -290.24    41.91 0.9989178598261 -0.0299664287342 -0.0355685601254 -0.0248427284471 -0.9903088803486 0.1366424544060 -0.0393185473254 -0.1356109680362 -0.9899816751761;
1418217532.061 0000  -191.98  -294.61    41.03 0.9989668649310 -0.0323153418261 -0.0319518614871 -0.0300424482594 -0.9971487720852 0.0692226670362 -0.0340977135951 -0.0681912385258 -0.9970894147046;
1418217532.276 0000  -191.57  -300.56    39.77 0.9981398070221 -0.0489790248582 -0.0363040047629 -0.0489775165073 -0.9987994470084 0.0009314142763 -0.0363060396444 0.0008483983266 -0.9993403582892;
1418217532.493 0000  -192.32  -298.78    39.98 0.9983921588591 -0.0392843055110 -0.0408636815433 -0.0387351519152 -0.9991493913009 0.0141450298373 -0.0413846002139 -0.0125394259639 -0.9990646013455;
1418217532.711 0000  -193.73  -287.38    41.98 0.9989895086991 -0.0024075869369 -0.0448794500212 0.0041716136168 -0.9892863430936 0.1459285064965 -0.0447499625575 -0.1459682667349 -0.9882766343274;
1418217532.927 0000  -193.93  -283.03    42.90 0.9989758112497 0.0013996572508 -0.0452257614378 0.0113048369942 -0.9755431296864 0.2195172038410 -0.0438124320094 -0.2198036466513 -0.9745598122846;
1418217533.143 0000  -193.34  -277.95    44.12 0.9995499338367 0.0114237112955 -0.0277385757963 0.0188443229795 -0.9585554609297 0.2842821130729 -0.0233414065217 -0.2846768819943 -0.9583393196564;
1418217533.362 0000  -192.78  -273.82    45.93 0.9996366253145 0.0231771114561 -0.0137636780827 0.0264632517111 -0.9409659347516 0.3374652662808 -0.0051296821236 -0.3377068716234 -0.9412373532854;
1418217533.576 0000  -192.20  -270.56    47.46 0.9993150426253 0.0364001606742 -0.0066688744006 0.0362573038083 -0.9269998951076 0.3733049723631 0.0074063151046 -0.3732910697744 -0.9276847113773;
1418217533.792 0000  -192.17  -271.31    47.28 0.9993529516943 0.0353339313007 -0.0067224429189 0.0353148541912 -0.9284730183166 0.3697170747091 0.0068219508511 -0.3697152519938 -0.9291200640551;
1418217534.011 0000  -194.36  -270.80    47.04 0.9992301011253 0.0383487117842 -0.0082813833171 0.0385683381893 -0.9214943518573 0.3864720465758 0.0071894571745 -0.3864939013745 -0.9222639404779;
1418217534.226 0000  -196.43  -270.09    46.57 0.9990664464688 0.0416990021516 -0.0112884347773 0.0428110300304 -0.9206885502579 0.3879430488250 0.0057837053779 -0.3880641527422 -0.9216142154441;
1418217534.443 0000  -197.58  -272.01    46.36 0.9991247855613 0.0404699957256 -0.0105755530882 0.0414323603069 -0.9227648338001 0.3831297704712 0.0057465116855 -0.3832326198902 -0.9236339841385;
1418217534.661 0000  -197.78  -271.10    47.00 0.9989696388317 0.0446765934654 -0.0079788901928 0.0443230900691 -0.9226494745469 0.3830840779843 0.0097531727713 -0.3830430120949 -0.9236790170325;
1418217534.876 0000  -195.20  -277.27    45.05 0.9997266612359 0.0230856236350 0.0036955101946 0.0206750366654 -0.9467634670016 0.3212654360649 0.0109153869881 -0.3211012169589 -0.9469819759607;
1418217535.092 0000  -195.22  -283.94    44.01 0.9999873589112 0.0043485098984 -0.0025243770336 0.0047982371618 -0.9753571587077 0.2205796678701 -0.0015029763419 -0.2205889920627 -0.9753656943131;
1418217535.311 0000  -195.78  -283.55    44.53 0.9998889243112 0.0147271539773 -0.0022912825241 0.0148773182719 -0.9769608917130 0.2128992284261 0.0008969063008 -0.2129096686370 -0.9770714756659;
1418217535.526 0000  -196.51  -281.31    45.29 0.9996189137893 0.0270179216885 -0.0056620757906 0.0276005726839 -0.9746079222027 0.2222107251400 0.0004853680485 -0.2222823202312 -0.9749822226741;
1418217535.742 0000  -197.09  -281.41    45.00 0.9995630731782 0.0284374124500 -0.0080607885328 0.0295105224880 -0.9755535039550 0.2177716464179 -0.0016708683687 -0.2179143742258 -0.9759664613626;
1418217535.961 0000  -201.07  -281.32    44.28 0.9990059729588 0.0249938530276 -0.0369103414176 0.0327178083912 -0.9735023376473 0.2263244211508 -0.0302755843346 -0.2273070740343 -0.9733523940933;
1418217536.176 0000  -207.20  -282.42    42.45 0.9948013593748 0.0135245747184 -0.1009323598492 0.0352170812504 -0.9756768290608 0.2163665464486 -0.0955510992833 -0.2187962776479 -0.9710809319069;
1418217536.393 0000  -211.02  -280.70    43.38 0.9922554978296 0.0206000657787 -0.1224935276531 0.0473046448995 -0.9745090797507 0.2193041815705 -0.1148533743427 -0.2234002926884 -0.9679364708641;
1418217536.611 0000  -214.46  -281.72    43.11 0.9877910894697 0.0183723436664 -0.1546971898663 0.0519728273987 -0.9749936957549 0.2160697073873 -0.1468590779506 -0.2214717820094 -0.9640449476021;
1418217536.826 0000  -214.82  -281.93    42.87 0.9846567101693 0.0221285189879 -0.1730938813652 0.0601793631815 -0.9741363748846 0.2177998332728 -0.1637974583617 -0.2248747468570 -0.9605215983310;
1418217537.042 0000  -217.48  -281.00    43.31 0.9819420914448 0.0280917666587 -0.1870844239777 0.0706626956743 -0.9718016719212 0.2249628722504 -0.1754893514978 -0.2341204029919 -0.9562380061542;
1418217537.260 0000  -219.40  -280.57    43.88 0.9805132844998 0.0197776043363 -0.1954547141566 0.0656805157877 -0.9706696553466 0.2312714639448 -0.1851479645181 -0.2396023091626 -0.9530534951821;
1418217537.476 0000  -220.82  -280.82    44.03 0.9766208551278 0.0204394573958 -0.2139951726342 0.0713462361816 -0.9698629030103 0.2329713801029 -0.2027841707631 -0.2427924585849 -0.9486466160495;
1418217537.692 0000  -218.83  -280.78    43.22 0.9794634790644 0.0216599446384 -0.2004548327612 0.0690058571984 -0.9701825261010 0.2323446959167 -0.1894452027669 -0.2414057017689 -0.9517530153890;
1418217537.911 0000  -217.27  -275.58    45.75 0.9868067479718 0.0331947114641 -0.1584630975595 0.0790128251528 -0.9530256311607 0.2924023252509 -0.1413131827491 -0.3010652047009 -0.9430749317524;
1418217538.126 0000  -214.24  -267.87    49.75 0.9879964644665 0.0797026849036 -0.1323271257937 0.1279611885138 -0.9021429792127 0.4120242459994 -0.0865385488427 -0.4240112346111 -0.9015129241934;
1418217538.343 0000  -209.14  -263.24    52.38 0.9922893841731 0.1112003832713 -0.0547380381248 0.1238521908636 -0.8727554287518 0.4721849175933 0.0047342238787 -0.4753235070398 -0.8797983580228;
1418217538.561 0000  -205.10  -265.22    53.15 0.9941443043698 0.1078428074626 -0.0068579127723 0.0996028002284 -0.8898729316688 0.4452027040235 0.0419092385481 -0.4432787998108 -0.8954035522392;
1418217538.775 0000  -202.77  -262.79    52.65 0.9932784171921 0.1156641181503 -0.0044494620826 0.1051409108530 -0.8854986114020 0.4525898784441 0.0484084166784 -0.4500155785943 -0.8917076898946;
1418217538.992 0000  -202.46  -260.22    51.55 0.9928375636916 0.1164798791531 -0.0265708463447 0.1161279441459 -0.8886259618162 0.4436870525209 0.0280690703702 -0.4435947900266 -0.8957878038631;
1418217539.210 0000  -202.67  -257.93    51.45 0.9928250280937 0.1106025184409 -0.0454482838534 0.1193322210868 -0.8921779362601 0.4356355713911 0.0076344352234 -0.4379333430618 -0.8989750288153;
1418217539.425 0000  -204.98  -257.63    51.68 0.9933743444079 0.0977900224063 -0.0603698881064 0.1144424732217 -0.8897505654180 0.4418674593827 -0.0105039133233 -0.4458486770825 -0.8950467166292;
1418217539.643 0000  -206.39  -257.51    51.66 0.9931512699145 0.0816527212660 -0.0835666690556 0.1105458202058 -0.8882309284052 0.4458984631723 -0.0378176771126 -0.4520825709251 -0.8911740415674;
1418217539.862 0000  -209.08  -256.77    51.67 0.9906425410018 0.0874890521590 -0.1047521919091 0.1254460948506 -0.8860313329304 0.4463314400221 -0.0537646095883 -0.4552956652746 -0.8887154909970;
1418217540.077 0000  -214.12  -256.71    50.67 0.9834244062012 0.0876798177340 -0.1587094415902 0.1498942138373 -0.8856327631015 0.4395296731500 -0.1020203996554 -0.4560338348011 -0.8840955715141;
1418217540.293 0000  -214.74  -256.54    49.87 0.9804472541540 0.0847335398940 -0.1776046425037 0.1566872511538 -0.8821703758025 0.4440996885636 -0.1190474155439 -0.4632447034489 -0.8781981880981;
